#T(C);S_y(MPa);S_m(MPa) - UNS N06230 (A230)
20;239.224095053882;207
37.3673469387755;237.813208068527;207
54.734693877551;236.402321083172;207
72.1020408163265;234.991434097817;207
89.4693877551021;233.580547112462;207
106.836734693878;232.169660127107;207
124.204081632653;230.758773141752;207
141.571428571429;229.347886156397;207
158.938775510204;227.936999171042;207
176.30612244898;226.526112185687;207
193.673469387755;225.115225200332;207
211.040816326531;223.704338214977;207
228.408163265306;222.293451229621;207
245.775510204082;220.882564244266;207
263.142857142857;219.471677258911;206.737142857143
280.510204081633;218.060790273556;206.389795918367
297.877551020408;216.649903288201;206.042448979592
315.244897959184;215.239016302846;204.170612244898
332.612244897959;213.828129317491;202.086530612245
349.979591836735;212.417242332136;200.002448979592
367.34693877551;211.006355346781;197.918367346939
384.714285714286;209.595468361426;196.611428571429
402.081632653061;208.184581376071;195.916734693878
419.448979591837;206.773694390716;195.222040816327
436.816326530612;205.362807405361;195
454.183673469388;203.951920420006;195
471.551020408163;202.54103343465;195
488.918367346939;201.130146449295;195
506.285714285714;199.71925946394;195
523.65306122449;198.275529941183;195
541.020408163265;195.945578231293;195
558.387755102041;195.632653061224;190.97387755102
575.755102040816;194.810495626822;182.09387755102
593.122448979592;193.737609329446;161.25306122449
610.489795918368;192.66472303207;142.510204081633
627.857142857143;191.591836734694;125.6
645.224489795918;190.518950437318;111.011428571429
662.591836734694;185.807580174927;98.2864489795918
679.959183673469;180.085519922255;86.7244897959184
697.326530612245;174.363459669582;76.304081632653
714.693877551021;147.724975704568;67.1767346938775
732.061224489796;134.285957240039;58.7648163265306
749.428571428572;120.84693877551;51.0537142857142
766.795918367347;108.783284742468;44.2831836734694
784.163265306123;98.8590864917395;37.9844897959183
801.530612244898;88.9348882410106;32.1469387755102
818.897959183673;79.4372294372294;27.0062040816326
836.265306122449;72.069264069264;22.3611428571428
853.632653061225;64.7012987012986;18.1589387755102
871;57.3333333333333;14.616
