#T(C);S_y(MPa);S_m(MPa) - UNS N06625 (A625)
20;285.047277743715;184
37.3673469387755;281.709041529549;184
54.734693877551;278.370805315382;184
72.1020408163265;274.068430606744;184
89.4693877551021;270.406751550869;184
106.836734693878;268.413325032475;184
124.204081632653;265.707994171439;184
141.571428571429;263.538801288937;184
158.938775510204;262.139199575934;184
176.30612244898;260.880880843838;184
193.673469387755;259.697274205923;184
211.040816326531;258.659423154719;184
228.408163265306;257.714018698536;184
245.775510204082;256.955834851302;184
263.142857142857;256.298797864378;184
280.510204081633;255.5702803743;184
297.877551020408;254.865921724214;184
315.244897959184;254.817610728387;184
332.612244897959;255.264253342716;184
349.979591836735;255.916902868421;184
367.34693877551;256.59437759663;184
384.714285714286;257.446360223671;184
402.081632653061;258.471687512402;184
419.448979591837;259.460818240148;184
436.816326530612;260.206781183516;184
454.183673469388;260.744129746338;184
471.551020408163;261.10588140376;184
488.918367346939;261.426781944305;184
506.285714285714;261.397774094219;183.748571428571
523.65306122449;261.243391604911;183.05387755102
541.020408163265;260.893361599334;182.359183673469
558.387755102041;260.020697611194;181.664489795918
575.755102040816;258.773502523728;180.909387755102
593.122448979592;256.688383724577;178.825306122449
610.489795918368;253.247281951169;175.902040816327
627.857142857143;248.721669858292;168.771428571429
645.224489795918;243.355260662271;143.067755102041
662.591836734694;233.003605787645;120.386122448979
679.959183673469;221.332613488609;100.893795918367
697.326530612245;209.201165603441;86.5136326530612
714.693877551021;195.955279637991;72.133469387755
732.061224489796;175.604655903323;59.8151836734693
749.428571428572;155.254032168655;50.5062857142856
766.795918367347;135.57214329839;42.8769795918367
784.163265306123;116.930508661643;36.0012244897959
801.530612244898;98.2888740248949;29.8775510204081
818.897959183673;81.107626152211;25.0841632653061
836.265306122449;71.2180276860134;20.2907755102041
853.632653061225;61.3284292198158;15.9187755102041
871;51.4388307536182;13.14
