#T(C);S_y(MPa);S_m(MPa) - UNS N08811 (800H)
40;172;115
65;164;111
100;157;105
125;153;102
150;149;99.2
175;145;96.6
200;141;94.2
225;138;92
250;134;89.8
275;131;87.6
300;128;85.4
325;125;83.4
350;123;81.5
375;120;79.8
400;118;78.5
425;115;76.6
450;113;75.3
475;112;74.2
500;110;72.8
525;108;72
550;71.2;71.2
575;69.9;69.9
600;68.4;68.4
625;62.6;62.6
650;50.6;50.6
675;41.2;41.2
700;33.6;33.6
725;27.7;27.7
750;22.6;22.6
775;18.3;18.3
800;15;15
825;11.9;11.9
850;9.03;9.03
875;7.35;7.35
900;5.86;5.86
